Estacion    plA    plB    plC    plD    dcaudal
1    10    64    150    3    4.9
3    140    135    2    10    146.5
4    110    20    10    50    72.5
3    105    62    20    10    88.4
3    40    30    55    20    30.0
1    20    26    20    160    13.1
3    70    90    17    20    54.9
2    150    50    28    15    93.6
4    70    80    30    20    45.8
4    70    59    27    35    52.3
2    80    76    10    70    42.7
4    15    280    175    7    10.0
4    115    50    50    20    71.1
2    45    43    51    60    30.0
2    40    32    50    100    25.9
2    50    52    42    85    27.0
2    75    90    22    68    48.1
2    75    114    24    50    46.8
1    110    101    39    30    41.9
1    70    120    17    96    29.1
2    85    35    41    115    47.8
2    40    64    67    83    26.2
3    90    68    25    100    66.7
4    40    70    60    93    27.7
3    190    110    5    160    182.7
2    23    45    60    280    13.7
3    17    380    45    60    12.8
4    70    180    100    15    47.9
1    20    70    270    50    9.8
1    82    145    13    125    38.2
2    54    85    47    90    36.4
4    40    102    80    60    28.7
1    65    105    30    100    32.8
4    170    42    100    30    125.8
2    120    113    106    15    80.1
2    54    40    72    140    29.0
1    50    74    320    20    19.7
2    75    135    43    60    50.4
1    40    92    80    90    21.5
2    145    137    45    30    86.4
2    70    380    17    60    41.0
4    170    140    17    70    131.9
1    80    106    58    60    42.9
4    75    80    63    80    46.0
2    80    82    35    135    44.3
2    125    83    60    50    70.3
1    10    53    230    260    4.3
4    45    45    160    100    26.4
1    100    76    30    150    53.2
2    45    74    56    200    27.2
4    85    86    55    100    55.6
4    120    64    70    75    87.4
1    37    64    156    115    19.4
2    40    70    130    125    24.7
1    45    520    31    65    25.1
3    60    100    95    84    44.6
1    74    73    65    140    41.4
1    140    130    40    68    70.8
2    75    64    80    130    39.5
4    35    30    150    320    21.8
4    100    148    40    90    71.8
4    40    84    110    150    26.1
2    60    50    160    130    33.5
1    47    64    50    440    25.5
4    530    210    12    50    409.2
1    115    83    50    140    63.0
4    110    144    40    115    79.7
3    172    98    88    52    136.0
2    6    174    293    260    3.6
2    175    115    39    102    97.0
1    155    142    40    100    85.0
3    95    53    118    150    77.5
3    68    72    160    120    45.2
4    210    193    35    70    157.7
2    20    142    257    137    12.2
1    168    96    47    135    100.7
2    170    42    116    135    83.1
1    35    236    78    190    15.8
2    235    257    10    215    132.8
1    65    83    120    220    32.1
4    55    120    90    240    39.8
4    65    160    70    215    46.6
4    145    110    56    200    91.3
1    65    156    55    340    30.4
2    125    170    86    105    78.9
1    94    72    180    160    55.6
2    115    95    100    180    76.7
2    95    140    90    165    55.2
4    220    82    185    60    153.2
4    70    242    60    200    45.5
1    165    115    106    105    78.5
1    70    106    285    100    27.9
2    200    200    26    210    132.7
3    80    74    268    140    52.9
1    120    93    50    400    62.8
2    200    282    20    210    105.2
3    95    180    126    110    78.8
2    255    270    15    245    152.5
4    130    143    60    230    103.8
3    425    185    12    290    383.1
1    150    42    110    410    75.3
1    125    82    145    200    57.3
4    125    126    150    130    96.9
3    200    257    100    60    127.9
2    300    143    90    80    220.2
2    335    333    170    17    192.7
4    120    134    120    180    72.2
1    130    147    140    130    60.1
2    285    95    130    100    166.9
1    95    113    152    235    53.5
1    170    200    46    255    87.5
4    75    175    170    195    49.9
2    180    156    90    185    128.4
2    165    235    115    110    85.3
4    260    94    88    245    165.9
4    310    362    42    120    222.7
2    125    163    70    425    64.1
1    80    125    155    410    44.9
2    120    352    110    140    68.5
4    175    148    133    195    124.6
1    75    207    210    210    39.8
4    150    220    145    145    117.0
4    350    274    20    365    234.8
4    200    230    40    400    124.3
4    100    146    241    210    62.3
2    57    173    150    500    30.0
1    145    203    155    170    68.1
4    110    192    170    220    73.8
4    75    218    254    195    50.8
2    160    124    345    120    102.2
4    590    90    121    130    413.3
1    50    146    297    410    27.6
2    175    236    105    210    99.4
3    190    208    186    127    137.5
2    169    180    172    180    113.2
4    205    196    126    200    139.4
4    95    313    180    190    73.8
2    170    187    136    240    93.7
3    205    314    95    180    168.1
4    170    220    135    220    91.6
1    134    103    190    430    70.6
3    200    185    160    200    174.3
4    165    153    595    80    112.7
3    170    144    170    290    143.3
4    370    140    205    115    222.0
4    72    133    310    420    48.9
1    215    256    220    105    106.1
1    125    223    100    460    63.9
3    250    225    260    90    226.3
4    200    170    166    235    145.6
2    195    203    190    200    112.0
2    320    304    90    180    160.4
1    10    640    1040    240    4.7
4    250    516    98    130    174.5
1    95    170    340    300    50.6
1    100    165    315    370    47.6
2    195    144    410    170    121.8
4    200    552    85    210    143.9
1    230    302    88    330    114.5
3    90    174    460    285    81.1
1    490    320    66    200    245.4
4    110    253    224    335    92.9
1    175    280    240    185    100.1
2    245    158    180    340    169.4
1    95    324    150    560    43.6
2    200    240    246    220    116.7
4    165    220    60    1220    118.8
4    77    253    300    480    45.0
2    232    237    240    220    152.8
4    195    150    410    245    128.9
1    420    427    40    420    186.8
1    93    204    218    730    45.9
1    215    230    270    230    105.9
2    360    260    60    550    232.7
1    145    225    250    380    77.7
4    95    167    365    580    67.6
2    133    250    280    390    80.8
3    305    276    212    210    243.1
4    195    223    350    260    139.3
4    100    185    715    300    83.3
3    385    517    42    510    330.5
1    440    426    380    60    209.9
1    310    165    275    305    142.9
1    397    374    133    220    219.3
4    212    457    35    1300    134.2
4    180    152    390    415    131.3
2    250    405    125    350    138.0
4    313    480    126    235    211.3
1    120    183    600    350    57.0
1    480    506    185    110    264.7
1    105    278    480    370    52.0
4    610    374    60    440    423.2
2    205    270    310    433    126.5
4    340    327    280    245    232.8
4    350    406    190    300    255.7
1    130    417    280    540    79.7
4    85    146    1120    600    62.5
1    100    190    600    750    54.4
4    175    320    510    340    127.3
1    203    254    471    400    98.4
2    465    800    30    880    245.2
4    300    403    135    750    226.6
2    442    630    226    200    295.2
4    155    548    250    600    92.8
4    400    634    120    420    295.0
2    205    216    418    700    120.6
4    320    305    450    320    225.3
4    240    387    350    440    158.8
4    265    245    405    560    196.0
4    125    213    1540    400    83.6
4    440    340    510    220    310.1
3    350    456    330    330    277.8
2    115    547    440    670    74.8
2    313    382    250    630    169.5
1    180    760    120    1365    90.0
2    385    423    425    345    219.3
4    580    573    160    470    428.5
4    265    434    360    680    163.7
4    325    766    410    320    202.2
1    345    302    356    1092    179.0
1    290    467    310    1140    165.8
1    440    320    490    700    201.4
1    543    422    283    770    270.5
2    555    724    300    450    342.8
2    500    514    480    480    316.0
4    290    324    665    1080    227.2
1    120    660    940    970    66.5
1    147    450    692    1600    69.1
2    164    1040    500    950    91.2
2    420    746    387    670    301.7
1    540    800    400    500    267.0
4    260    532    515    1290    169.9
1    280    430    634    1290    144.4
1    280    622    540    1100    117.4
2    360    524    700    880    212.0
2    120    415    1700    1480    63.8
2    585    976    278    800    349.7
4    305    522    570    1410    221.1
2    220    823    671    1200    153.8
4    445    424    720    1110    363.7
1    470    523    710    1300    242.0
4    1030    1603    215    750    756.0
2    435    840    970    1950    245.1
1    880    786    734    1400    427.2
4    555    815    920    1780    373.1
4    690    1044    900    1430    472.5
4    870    1365    690    1750    572.5
